1	1
2	2
3	3
4	4
5	5
6	6
7	7
8	8
9	9
10	10
11	11
12	12
13	13
14	14
15	15
16	16
17	17
18	18
19	19
20	20
21	21
22	22
23	23
24	24
25	25
26	26
27	27
28	28
29	29
30	30
31	31
32	32
33	33
34	34
35	35
36	36
37	37
38	38
39	39
40	40
41	41
42	42
43	43
44	44
45	45
46	46
47	47
48	48
49	49
50	50
51	51
52	52
53	53
54	54
55	55
56	56
57	57
58	58
59	59
60	60
61	61
62	62
63	63
64	64
65	65
66	66
67	67
68	68
69	69
70	70
71	71
72	72
73	73
74	74
75	75
76	76
77	77
78	78
79	79
80	80
81	81
82	82
83	83
84	84
85	85
86	86
87	87
88	88
89	89
90	90
91	91
92	92
93	93
94	94
95	95
96	96
97	97
98	98
99	99
100	100
101	101
102	102
103	103
104	104
105	105
106	106
107	107
108	108
109	109
110	110
111	111
112	112
113	113
114	114
115	115
116	116
117	117
118	118
119	119
120	120
121	121
122	122
123	123
124	124
125	125
126	126
127	127
128	128
129	129
130	130
131	131
132	132
133	133
134	134
135	135
136	136
137	137
138	138
139	139
140	140
141	141
142	142
143	143
144	144
145	145
146	146
147	147
148	148
149	149
150	150
151	151
152	152
153	153
154	154
155	155
156	156
157	157
158	158
159	159
160	160
161	161
162	162
163	163
164	164
165	165
166	166
167	167
168	168
169	169
170	170
171	171
172	172
173	173
174	174
175	175
176	176
177	177
178	178
179	179
180	180
181	181
182	182
183	183
184	184
185	185
186	186
187	187
188	188
189	189
190	190
191	191
192	192
193	193
194	194
195	195
196	196
197	197
198	198
199	199
200	200
201	201
202	202
203	203
204	204
205	205
206	206
207	207
208	208
209	209
210	210
211	211
212	212
213	213
214	214
215	215
216	216
217	217
218	218
219	219
220	220
221	221
222	222
223	223
224	224
225	225
226	226
227	227
228	228
229	229
230	230
231	231
232	232
233	233
234	234
235	235
236	236
237	237
238	238
239	239
240	240
241	241
242	242
243	243
244	244
245	245
246	246
247	247
248	248
249	249
250	250
251	251
252	252
253	253
254	254
255	255
256	256
257	257
258	258
259	259
260	260
261	261
262	262
263	263
264	264
265	265
266	266
267	267
268	268
269	269
270	270
271	271
272	272
273	273
274	274
275	275
276	276
277	277
278	278
279	279
280	280
281	281
282	282
283	283
284	284
285	285
286	286
287	287
288	288
289	289
290	290
291	291
292	292
293	293
294	294
295	295
296	296
297	297
298	298
299	299
300	300
301	301
302	302
303	303
304	304
305	305
306	306
307	307
308	308
309	309
310	310
311	311
312	312
313	313
314	314
315	315
316	316
317	317
318	318
319	319
320	320
321	321
322	322
323	323
324	324
325	325
326	326
327	327
328	328
329	329
330	330
331	331
332	332
333	333
334	334
335	335
336	336
337	337
338	338
339	339
340	340
341	341
342	342
343	343
344	344
345	345
346	346
347	347
348	348
349	349
350	350
351	351
352	352
353	353
354	354
355	355
356	356
357	357
358	358
359	359
360	360
361	361
362	362
363	363
364	364
365	365
366	366
367	367
368	368
369	369
370	370
371	371
372	372
373	373
374	374
375	375
376	376
377	377
378	378
379	379
380	380
381	381
382	382
383	383
384	384
385	385
386	386
387	387
388	388
389	389
390	391
391	392
392	393
393	394
394	395
395	396
396	397
397	398
398	399
399	400
400	401
401	402
402	403
403	404
404	405
405	406
406	407
407	408
408	409
409	410
410	411
411	412
412	413
413	414
414	415
415	416
416	417
417	418
418	419
419	420
420	421
421	422
422	423
423	424
424	425
425	426
426	427
427	428
428	429
429	430
430	431
431	432
432	433
433	434
434	435
435	436
436	437
437	438
438	439
439	440
440	441
441	442
442	443
443	444
444	445
445	446
446	447
447	448
448	449
449	450
450	1302
451	452
452	453
453	454
454	455
455	456
456	457
457	458
458	459
459	460
460	461
461	462
462	463
463	464
464	465
465	466
466	467
467	468
468	469
469	470
470	471
471	472
472	473
473	474
474	475
475	476
476	477
477	478
478	479
479	480
480	481
481	482
482	483
483	484
484	485
485	486
486	487
487	488
488	489
489	490
490	491
491	492
492	493
493	494
494	495
495	496
496	497
497	498
498	499
499	500
500	501
501	502
502	503
503	504
504	505
505	506
506	507
507	508
508	509
509	510
510	511
511	512
512	513
513	514
514	515
515	516
516	517
517	518
518	519
519	520
520	521
521	522
522	523
523	524
524	525
525	526
526	527
527	528
528	529
529	530
530	531
531	532
532	533
533	534
534	535
535	536
536	537
537	538
538	539
539	540
540	541
541	542
542	543
543	544
544	545
545	546
546	547
547	548
548	549
549	550
550	551
551	552
552	553
553	554
554	555
555	556
556	557
557	558
558	559
559	560
560	561
561	562
562	563
563	564
564	565
565	566
566	567
567	568
568	569
569	570
570	571
571	572
572	1944
573	574
574	575
575	576
576	577
577	578
578	579
579	580
580	581
581	582
582	583
583	584
584	585
585	586
586	587
587	588
588	589
589	590
590	591
591	592
592	593
593	1985
594	595
595	596
596	597
597	598
598	599
599	600
600	601
601	602
602	603
603	604
604	605
605	606
606	607
607	608
608	609
609	610
610	611
611	612
612	613
613	614
614	615
615	616
616	617
617	618
618	619
619	620
620	621
621	622
622	623
623	2163
624	625
625	626
626	627
627	628
628	629
629	630
630	631
631	632
632	633
633	634
634	635
635	636
636	637
637	638
638	639
639	640
640	641
641	642
642	643
643	644
644	645
645	646
646	647
647	648
648	1711
649	650
650	651
651	652
652	653
653	654
654	655
655	656
656	657
657	658
658	659
659	660
660	661
661	662
662	663
663	664
664	665
665	666
666	667
667	668
668	669
669	670
670	671
671	672
672	673
673	1856
674	674
675	675
676	676
677	677
678	678
679	679
680	680
681	681
682	682
683	683
684	684
685	685
686	686
687	687
688	688
689	689
690	690
692	691
693	692
694	693
695	694
696	695
697	696
698	697
699	698
700	699
701	700
702	701
703	702
704	703
705	704
706	705
707	2114
708	707
709	708
710	709
711	710
712	1668
713	712
714	713
715	714
716	715
717	716
718	717
719	718
720	719
721	720
722	721
723	722
724	723
725	724
726	725
727	726
728	727
729	728
730	729
731	730
732	731
733	732
734	733
735	734
736	735
737	736
738	737
739	738
740	739
741	740
742	741
743	742
744	743
745	744
746	745
747	746
748	747
749	748
750	749
751	750
752	751
753	752
754	753
755	754
756	755
757	756
758	757
759	758
760	759
761	760
762	761
763	762
764	1295
765	764
766	765
767	766
768	767
769	768
770	769
771	770
772	771
773	772
774	773
776	774
777	775
778	776
779	777
780	778
781	779
782	2389
783	781
784	782
785	783
786	784
787	785
788	786
789	787
790	788
791	789
792	790
793	791
794	792
795	793
796	794
797	795
798	796
799	797
800	798
801	799
802	800
803	801
804	802
805	803
806	804
807	805
808	806
809	807
810	808
811	809
812	810
813	811
814	812
815	813
816	814
817	815
818	816
819	817
820	818
821	819
822	820
823	821
824	822
825	823
826	824
827	825
828	826
829	827
830	828
831	829
832	830
833	831
834	832
835	833
836	834
837	835
838	836
839	837
840	838
841	839
842	840
843	841
844	842
845	843
846	844
847	845
848	1548
849	847
850	848
851	849
852	850
853	851
854	852
855	853
856	854
857	855
858	856
859	857
860	858
861	859
862	860
863	861
864	862
865	863
866	864
867	865
868	1784
869	866
870	867
871	868
872	869
873	870
874	871
875	872
876	873
877	874
878	875
879	876
880	877
881	878
882	879
883	880
884	881
885	882
886	883
887	884
888	885
889	886
890	887
891	888
892	889
893	890
894	891
895	892
896	893
897	894
898	895
899	896
900	897
901	898
902	899
903	900
904	901
905	902
906	903
907	904
908	905
909	906
910	907
911	908
912	909
913	910
914	911
915	912
916	913
917	914
918	915
919	916
920	917
921	918
922	919
923	920
924	921
925	922
926	923
927	924
928	925
929	926
930	927
931	928
932	929
933	930
934	931
935	932
936	933
937	934
938	935
939	936
940	937
941	938
942	939
943	940
944	941
945	942
946	943
947	944
948	945
949	946
950	947
951	948
952	949
953	950
954	951
955	952
956	953
957	954
958	955
959	1349
960	957
961	958
962	959
963	960
964	961
965	2476
966	962
967	963
968	964
969	965
970	966
971	967
972	968
973	969
974	970
975	971
976	972
977	973
978	974
979	975
980	976
981	977
982	978
983	979
984	980
985	981
986	982
987	983
988	984
989	985
990	986
991	987
992	988
993	989
994	990
995	991
996	992
997	993
998	994
999	995
1000	996
1001	997
1002	998
1003	999
1004	1000
1005	1001
1006	2263
1007	1002
1008	1003
1010	1004
1011	1005
1012	1006
1013	1007
1014	1008
1015	1009
1016	1010
1017	1011
1018	1012
1019	1013
1020	1014
1021	2390
1022	1016
1023	1017
1024	1018
1025	1019
1026	1020
1027	1021
1028	1022
1029	1023
1030	1024
1031	1025
1032	2551
1033	1027
1034	1028
1035	1029
1036	1030
1038	1031
1039	1032
1040	1033
1041	1034
1042	1035
1044	1036
1046	1037
1047	1038
1048	1039
1049	1040
1050	1041
1051	1042
1052	1043
1053	1044
1054	1466
1055	1046
1056	1047
1057	1048
1058	1049
1059	1050
1060	1051
1061	1052
1062	1053
1063	1054
1064	1055
1065	1056
1066	1057
1067	1058
1068	1059
1069	1060
1070	1061
1071	1062
1072	1063
1073	1064
1074	1065
1075	1066
1076	1067
1077	1068
1078	1069
1079	1070
1080	1071
1081	1072
1082	1073
1083	1074
1084	1075
1085	1076
1086	1077
1087	1078
1088	1079
1089	1080
1090	1081
1091	1082
1092	1083
1093	1084
1094	1085
1095	1086
1096	1087
1097	1088
1098	1089
1099	1090
1100	1091
1101	1092
1102	1093
1103	1094
1104	1095
1105	1096
1106	1097
1107	1098
1108	1099
1109	1100
1110	1101
1111	1102
1112	1103
1113	1104
1114	1410
1115	1106
1116	1107
1117	1108
1118	1109
1119	1110
1120	1111
1121	1112
1122	1113
1123	1114
1124	1115
1125	1116
1126	1117
1127	1119
1128	1120
1129	1121
1130	1122
1131	1123
1132	1124
1133	1125
1134	1126
1135	1127
1136	1128
1137	1129
1138	1130
1139	1131
1140	1132
1141	1133
1142	1134
1143	1135
1144	1137
1145	1138
1146	1139
1147	1140
1148	1141
1149	1142
1150	1143
1151	1144
1152	1145
1153	1146
1154	1147
1155	1148
1156	1149
1157	1150
1158	1151
1159	1153
1160	1154
1161	1155
1162	1156
1163	1157
1164	1158
1165	1159
1166	1160
1167	1161
1168	1162
1169	1163
1170	1164
1171	1165
1172	1169
1173	1172
1174	1176
1175	1503
1176	1182
1177	1184
1178	1185
1179	1188
1180	1189
1181	1190
1182	1192
1183	1193
1184	1195
1185	1196
1186	1197
1187	1198
1188	1199
1189	1200
1190	1201
1191	1209
1192	1210
1193	1212
1194	1213
1195	1214
1196	1215
1197	1216
1198	1217
1199	1218
1200	1219
1201	1220
1202	1221
1203	2120
1206	1222
1207	1223
1208	1224
1209	1173
1210	1225
1211	1226
1212	2012
1213	1227
1214	1228
1216	1532
1218	1229
1221	1231
1222	1232
1223	1316
1226	1233
1228	1234
1229	1725
1230	1235
1232	1237
1234	1238
1235	1239
1236	1240
1237	2529
1238	1241
1241	1242
1242	1243
1246	1244
1249	1245
1250	1246
1251	1247
1252	1248
1253	1249
1254	1954
1256	1898
1258	1250
1259	1251
1260	1252
1261	1253
1262	2183
1264	1254
1265	1255
1267	1949
1275	1257
1276	1258
1277	1259
1278	2011
1279	1261
1280	1262
1281	1263
1282	1264
1284	2282
1285	1265
1286	1266
1287	1267
1288	1268
1289	1269
1290	1270
1291	1271
1292	1272
1293	1273
1294	1274
1295	1275
1296	1276
1298	1277
1299	1278
1300	1279
1301	1280
1302	1281
1303	1282
1304	1283
1305	1284
1306	1285
1307	1286
1308	1287
1309	1550
1312	1363
1313	1513
1314	1118
1315	1682
1318	1294
1322	2350
1323	2187
1324	1648
1325	1742
1326	2076
1327	2531
1330	2212
1332	1896
1333	1713
1334	2043
1336	1486
1337	1718
1339	1416
1340	956
1342	1488
1350	1524
1354	2047
1355	1559
1356	1479
1357	1644
1358	1630
1359	1211
1361	1811
1362	2352
1365	1379
1366	1534
1368	1374
1369	2494
1372	2238
1373	594
1374	1506
1375	2031
1376	2146
1377	2378
1379	1290
1380	1202
1381	2116
1382	2117
1383	2291
1385	1950
1389	2255
1391	2415
1392	1837
1393	1350
1394	2138
1396	1522
1397	1763
1399	1296
1400	1709
1402	2464
1403	451
1404	1335
1405	1594
1406	1305
1408	1620
1409	1831
1412	1311
1415	2239
1416	1542
1417	1773
1419	1623
1420	1762
1421	2304
1426	1677
1428	1673
1429	2002
1430	2444
1432	2466
1435	2259
1437	2453
1440	2227
1443	1309
1444	1461
1445	573
1446	1629
1449	1571
1450	1343
1453	2292
1455	1303
1458	2332
1459	2412
1460	1383
1461	1204
1463	2024
1465	1407
1466	1230
1467	2229
1469	1563
1471	2222
1472	1026
1473	2386
1474	706
1476	1436
1480	2517
1484	2242
1487	2077
1488	1597
1490	1533
1492	2023
1493	1478
1494	1497
1495	2192
1497	1633
1500	1105
1501	1364
1504	1512
1506	1589
1507	1951
1508	1798
1510	1771
1513	2026
1516	2215
1518	1987
1519	1978
1520	2299
1521	1412
1522	1409
1525	2557
1528	1868
1530	1703
1533	1366
1535	1846
1536	1757
1539	1456
1541	1827
1542	2234
1543	2341
1546	1833
1547	1674
1548	2257
1550	2119
1551	1414
1552	1510
1553	1765
1557	1560
1558	1909
1561	2521
1563	2558
1564	1382
1565	2265
1566	1313
1569	2295
1573	2504
1575	2141
1576	2019
1579	2104
1581	1604
1583	1640
1584	2364
1589	1418
1593	1587
1594	2285
1597	1752
1598	763
1599	1717
1600	2366
1601	2194
1604	1562
1607	1988
1609	2473
1610	1367
1613	2487
1618	2037
1624	1600
1625	2228
1628	1812
1629	1362
1630	649
1631	1315
1634	1729
1635	1523
1636	1496
1638	1300
1640	2440
1641	1683
1644	1805
1647	1354
1648	1627
1649	1015
1650	2112
1651	1494
1654	624
1658	1477
1661	2451
1664	2061
1666	2493
1670	1926
1672	1356
1673	1539
1674	1824
1676	1319
1678	1458
1679	2287
1681	846
1682	1454
1683	1327
1685	2539
1686	2169
1688	2486
1689	2093
1691	1561
1693	2475
1694	1460
1697	2377
1698	2470
1700	1045
1703	1977
1707	1432
1710	1584
1713	1983
1715	1341
1716	1938
1717	2000
1718	2073
1721	1515
1723	2310
1724	2507
1725	2432
1734	1753
1735	1528
1736	1543
1737	1260
1738	2128
1740	1406
1741	1555
1742	711
1744	1501
1746	2290
1747	1681
1748	1962
1750	1625
1751	1922
1754	2418
1758	1658
1760	1795
1761	1605
1765	2185
1766	2005
1768	2256
1769	1437
1770	1465
1771	1419
1778	1538
1783	1767
1792	2244
1794	1613
1796	1991
1797	2323
1800	1787
1802	1829
1804	1399
1808	1754
1811	1726
1812	2139
1815	1344
1818	2258
1821	1858
1822	1384
1823	2491
1824	2075
1825	1803
1826	780
1832	2226
1836	1342
1838	2173
1840	1471
1841	1660
1843	1635
1845	2218
1847	1887
1851	1565
1852	2301
1854	2149
1856	2145
1859	1451
1860	1924
1862	2103
1863	1953
1864	1696
1865	2007
1866	2330
1867	2050
1869	1638
1870	1920
1871	2437
1880	2441
1881	1770
1882	2279
1883	2034
1885	1355
1886	1481
1893	1298
1894	2513
1897	2235
1901	1654
1903	1743
1905	1880
1907	2506
1908	1906
1910	2565
1911	2167
1912	1236
1913	2334
