1	1
2	2
3	3
4	4
6	5
8	7
9	9
11	10
12	11
15	19
17	29
18	30
20	31
21	32
22	33
24	34
25	35
26	36
27	37
28	38
29	40
30	42
31	45
32	46
33	47
34	49
35	51
36	52
37	54
38	55
39	57
40	58
42	63
43	64
44	65
45	66
47	67
48	68
49	72
52	76
53	78
55	81
56	83
57	84
58	85
59	88
60	89
62	90
63	92
74	77
82	98
83	226
86	99
90	101
91	102
92	103
93	104
94	105
95	106
96	107
97	108
98	109
99	110
100	111
101	112
102	113
103	114
104	115
105	116
106	117
107	118
108	119
109	120
110	121
111	122
112	123
113	124
114	125
115	126
116	127
117	128
118	129
119	130
120	131
121	132
122	133
123	134
124	135
125	136
126	137
127	138
128	139
129	140
130	141
131	142
132	143
133	144
134	145
135	146
136	147
139	148
141	149
142	150
143	151
144	152
145	153
146	154
147	155
148	156
149	157
150	158
151	159
152	160
153	161
154	162
155	163
156	164
157	165
158	166
159	167
160	168
161	169
163	170
164	171
165	172
166	173
167	174
168	175
169	176
170	178
171	179
172	180
173	181
174	182
175	184
176	185
177	186
178	187
179	188
180	189
181	190
182	191
183	193
184	194
185	195
186	196
187	197
189	198
190	200
191	201
192	202
193	203
195	271
206	309
207	231
217	254
220	278
221	308
222	310
226	228
229	232
239	245
264	312
266	225
