1	1
2	2
3	3
4	4
5	5
6	6
7	7
8	8
9	9
10	10
11	11
12	12
13	13
14	14
15	15
16	16
17	17
18	18
19	19
20	20
21	21
22	22
23	23
24	24
25	25
26	26
27	27
28	28
29	29
30	30
31	31
32	32
33	33
34	34
35	35
36	36
37	37
38	38
39	39
40	40
41	41
42	42
43	43
44	44
45	45
46	46
47	47
48	48
49	49
50	50
51	51
52	52
53	53
54	54
55	55
56	56
57	57
58	58
59	59
60	60
61	61
62	62
63	63
64	64
65	65
66	66
67	67
68	68
69	69
70	70
71	71
72	72
73	73
74	74
75	75
76	76
77	77
78	78
79	79
80	80
81	81
82	82
83	83
84	84
85	85
86	86
87	87
88	88
89	89
90	90
91	91
92	92
93	93
94	94
95	95
96	96
97	97
98	98
99	99
100	100
101	101
102	102
103	103
104	104
105	105
106	106
107	107
108	108
109	109
110	110
111	111
112	112
113	113
114	114
115	115
116	116
117	117
118	118
119	119
120	120
121	121
122	122
123	123
124	124
125	125
126	126
127	127
128	128
129	129
130	130
131	131
132	132
133	133
134	134
135	135
136	136
137	137
138	138
139	139
140	140
141	141
142	142
143	143
144	144
145	145
146	146
147	147
148	148
149	149
150	150
151	151
152	152
153	153
154	154
155	155
156	156
157	157
158	158
159	159
160	160
161	161
162	162
163	163
164	164
165	165
166	166
167	167
168	168
169	169
170	170
171	171
172	172
173	173
174	174
175	175
176	176
177	177
178	178
179	179
180	180
181	181
182	182
183	183
184	184
185	185
186	186
187	187
188	188
189	189
190	190
191	191
192	192
193	193
194	194
195	195
196	196
197	197
198	198
199	199
200	200
201	201
202	202
203	203
204	204
205	205
206	206
207	207
208	208
209	209
210	210
211	211
212	212
213	213
214	214
215	215
216	216
217	217
218	218
219	219
220	220
221	221
222	222
223	223
224	224
225	225
226	226
227	227
228	228
229	229
230	230
231	231
232	232
233	233
234	234
235	235
236	236
237	237
238	238
239	239
240	240
241	241
242	242
243	243
244	244
245	245
246	246
247	247
248	248
249	249
250	250
251	251
252	252
253	253
254	254
255	255
256	256
257	257
258	258
259	259
260	260
261	261
262	262
263	263
264	264
265	265
266	266
267	267
268	268
269	269
270	270
271	271
272	272
273	273
274	274
275	275
276	276
277	277
278	278
279	279
280	280
281	281
282	282
283	283
284	284
285	285
286	286
287	287
288	288
289	289
290	290
291	291
292	292
293	293
294	294
295	295
296	296
297	297
298	298
299	299
300	300
301	301
302	302
303	303
304	304
305	305
306	306
307	307
308	308
309	309
310	310
311	311
312	312
313	313
314	314
315	315
316	316
317	317
318	318
319	319
320	320
321	321
322	322
323	323
324	324
325	325
326	326
327	327
328	328
329	329
330	330
331	331
332	332
333	333
334	334
335	335
336	336
337	337
338	338
339	339
340	340
341	341
342	342
343	343
344	344
345	345
346	346
347	347
348	348
349	349
350	350
351	351
352	352
353	353
354	354
355	355
356	356
357	357
358	358
359	359
360	360
361	361
362	362
363	363
364	364
365	365
366	366
367	367
368	368
369	369
370	370
371	371
372	372
373	373
374	374
375	375
376	376
377	377
378	378
379	379
380	380
381	381
382	382
383	383
384	384
385	385
386	386
387	387
388	388
389	389
390	390
391	391
392	392
393	393
394	394
395	395
396	396
397	397
398	398
399	399
400	400
401	401
402	402
403	403
404	404
405	405
406	406
407	407
408	408
409	409
410	410
411	411
412	412
413	413
414	414
415	415
416	416
417	417
418	418
419	419
420	420
421	421
422	422
423	423
424	424
425	425
426	426
427	427
428	428
429	429
430	430
431	431
432	432
433	433
434	434
435	435
436	436
437	437
438	438
439	439
440	440
441	441
442	442
443	443
444	444
445	445
446	446
447	447
448	448
449	449
450	450
451	451
452	452
453	453
454	454
455	455
456	456
457	457
458	458
459	459
460	460
461	461
462	462
463	463
464	464
465	465
466	466
467	467
468	468
469	469
470	470
471	471
472	472
473	473
474	474
475	475
476	476
477	477
478	478
479	479
480	480
481	481
482	482
483	483
484	484
485	485
486	486
487	487
488	488
489	489
490	490
491	491
492	492
493	493
494	494
495	495
496	496
497	497
498	498
499	499
500	500
501	501
502	502
503	503
504	504
505	505
506	506
507	507
508	508
509	509
510	510
511	511
512	512
513	513
514	514
515	515
516	516
517	517
518	518
519	519
520	520
521	521
522	522
523	523
524	524
525	525
526	526
527	527
528	528
529	529
530	530
531	531
532	532
533	533
534	534
535	535
536	536
537	537
538	538
539	539
540	540
541	541
542	542
543	543
544	544
545	545
546	546
547	547
548	548
549	549
550	550
551	551
552	552
553	553
554	554
555	555
556	556
557	557
558	558
559	559
560	560
561	561
562	562
563	563
564	564
565	565
566	566
567	567
568	568
569	569
570	570
571	571
572	572
573	2465
574	574
575	575
576	576
577	577
578	578
579	579
580	580
581	581
582	582
583	583
584	584
585	585
586	586
587	587
588	588
589	589
590	590
591	591
592	592
593	593
594	2526
595	595
596	596
597	597
598	598
599	599
600	600
601	601
602	602
603	603
604	604
605	605
606	606
607	607
608	608
609	609
610	610
611	611
612	612
613	613
614	614
615	615
616	616
617	617
618	618
619	619
620	620
621	621
622	622
623	623
624	2767
625	625
626	626
627	627
628	628
629	629
630	630
631	631
632	632
633	633
634	634
635	635
636	636
637	637
638	638
639	639
640	640
641	641
642	642
643	643
644	644
645	645
646	646
647	647
648	648
649	649
650	2143
651	651
652	652
653	653
654	654
655	655
656	656
657	657
658	658
659	659
660	660
661	661
662	662
663	663
664	664
665	665
666	666
667	667
668	668
669	669
670	670
671	671
672	672
673	673
674	674
675	675
676	676
677	677
678	678
679	679
680	680
681	681
682	682
683	683
684	684
685	685
686	686
687	687
688	688
689	689
690	690
691	691
692	692
693	693
694	694
695	695
696	696
697	697
698	698
699	699
700	700
701	701
702	702
703	703
704	704
705	705
706	706
707	707
708	708
709	709
710	2702
711	711
712	712
713	713
714	714
715	2084
716	716
717	717
718	718
719	719
720	720
721	721
722	722
723	723
724	724
725	725
726	726
727	727
728	728
729	729
730	730
731	731
732	732
733	733
734	734
735	735
736	736
737	737
738	738
739	739
740	740
741	741
742	742
743	743
744	744
745	745
746	746
747	747
748	748
749	749
750	750
751	751
752	752
753	753
754	754
755	755
756	756
757	757
758	758
759	759
760	760
761	761
762	762
763	763
764	764
765	765
766	766
767	1578
768	768
769	769
770	770
771	771
772	772
773	773
774	774
775	775
776	776
777	777
778	778
779	779
780	780
781	781
782	782
783	783
784	784
785	3092
786	786
787	787
788	788
789	789
790	790
791	791
792	792
793	793
794	794
795	795
796	796
797	797
798	798
799	799
800	800
801	801
802	802
803	803
804	804
805	805
806	806
807	807
808	808
809	809
810	810
811	811
812	812
813	813
814	814
815	815
816	816
817	817
818	818
819	819
820	820
821	821
822	822
823	823
824	824
825	825
826	826
827	827
828	828
829	829
830	830
831	831
832	832
833	833
834	834
835	835
836	836
837	837
838	838
839	839
840	840
841	841
842	842
843	843
844	844
845	845
846	846
847	847
848	848
849	849
850	850
851	1926
852	852
853	853
854	854
855	855
856	856
857	857
858	858
859	859
860	860
861	861
862	862
863	863
864	864
865	865
866	866
867	867
868	868
869	869
870	870
871	871
872	872
873	873
874	874
875	875
876	876
877	877
878	878
879	879
880	880
881	881
882	882
883	883
884	884
885	885
886	886
887	887
888	888
889	889
890	890
891	891
892	892
893	893
894	894
895	895
896	896
897	897
898	898
899	899
900	900
901	901
902	902
903	903
904	904
905	905
906	906
907	907
908	908
909	909
910	910
911	911
912	912
913	913
914	914
915	915
916	916
917	917
918	918
919	919
920	920
921	921
922	922
923	923
924	924
925	925
926	926
927	927
928	928
929	929
930	930
931	931
932	932
933	933
934	934
935	935
936	936
937	937
938	938
939	939
940	940
941	941
942	942
943	943
944	944
945	945
946	946
947	947
948	948
949	949
950	950
951	951
952	952
953	953
954	954
955	955
956	956
957	957
958	958
959	959
960	960
961	961
962	1646
963	963
964	964
965	965
966	966
967	967
968	968
969	969
970	970
971	971
972	972
973	973
974	974
975	975
976	976
977	977
978	978
979	979
980	980
981	981
982	982
983	983
984	984
985	985
986	986
987	987
988	988
989	989
990	990
991	991
992	992
993	993
994	994
995	995
996	996
997	997
998	998
999	999
1000	1000
1001	1001
1002	1002
1003	1003
1004	1004
1005	1005
1006	1006
1007	1007
1008	1008
1009	1009
1010	1010
1011	1011
1012	1012
1013	1013
1014	1014
1015	1015
1016	1016
1017	1017
1018	1018
1019	1019
1020	1020
1021	1021
1022	1022
1023	1023
1024	3093
1025	1025
1026	1026
1027	1027
1028	1028
1029	1029
1030	1030
1031	1031
1032	1032
1033	1033
1034	1034
1035	3299
1036	1036
1037	1037
1038	1038
1039	1039
1040	1040
1041	1041
1042	1643
1043	1043
1044	1044
1045	1045
1046	1046
1047	1047
1048	1048
1049	1049
1050	1837
1051	1051
1052	1052
1053	1053
1054	1054
1055	1055
1056	1056
1057	1057
1058	1058
1059	1806
1060	1060
1061	1061
1062	1062
1063	1063
1064	1064
1065	1065
1066	1066
1067	1067
1068	1068
1069	1069
1070	1070
1071	1071
1072	1072
1073	1073
1074	1074
1075	1075
1076	1076
1077	1077
1078	1078
1079	1079
1080	1080
1081	1081
1082	1082
1083	1083
1084	1084
1085	1085
1086	1086
1087	1087
1088	1088
1089	1089
1090	1090
1091	1091
1092	1092
1093	1093
1094	1094
1095	1095
1096	1096
1097	1097
1098	1098
1099	1099
1100	1100
1101	1101
1102	1102
1103	1103
1104	1104
1105	1105
1106	1106
1107	1107
1108	1108
1109	1109
1110	1110
1111	1111
1112	1112
1113	1113
1114	1114
1115	1115
1116	1116
1117	1117
1118	1118
1119	1119
1120	1120
1121	1121
1122	1122
1123	1123
1124	1124
1125	1125
1126	1126
1127	1127
1128	1128
1129	1129
1130	1130
1131	1131
1132	1132
1133	1133
1134	1134
1135	1135
1136	1136
1137	1137
1138	1138
1139	1139
1140	1140
1141	1141
1142	1142
1143	1143
1144	1144
1145	1145
1146	1146
1147	1147
1148	1148
1149	1149
1150	1150
1151	1151
1152	1152
1153	1153
1154	1154
1155	1155
1156	1156
1157	1157
1158	1158
1159	1159
1160	1160
1161	1161
1162	1162
1163	1163
1164	1164
1165	1165
1166	1166
1167	1167
1168	1168
1169	1169
1170	1170
1171	1171
1172	1172
1173	1173
1174	1174
1175	1175
1176	1177
1177	1178
1178	1179
1179	1181
1180	1182
1181	1183
1182	1184
1183	1185
1184	2746
1185	1186
1186	1187
1187	1188
1188	1189
1189	1190
1190	1191
1191	1864
1192	1192
1193	1193
1194	1194
1195	1195
1196	1198
1197	1199
1198	1200
1199	1201
1200	1202
1201	1203
1202	1204
1203	1205
1204	1206
1205	1207
1206	1208
1207	1209
1208	1210
1209	1211
1210	1212
1211	1213
1212	1214
1213	1215
1214	1216
1215	1217
1216	1218
1217	1219
1218	1220
1219	1221
1220	1222
1221	3317
1222	1224
1223	1225
1224	1226
1225	1227
1226	1228
1227	1229
1228	1230
1229	1231
1230	1232
1231	1233
1232	1234
1233	1235
1234	1236
1235	1237
1236	1238
1237	1240
1238	1241
1239	2806
1240	1243
1241	1707
1242	1245
1243	1246
1244	1247
1245	1248
1246	1249
1247	1250
1248	1251
1249	1252
1250	1253
1251	1254
1252	1255
1253	1256
1254	1257
1255	1258
1256	1259
1257	1260
1258	1261
1259	1262
1260	1263
1261	1264
1262	1265
1263	1266
1265	1268
1266	1269
1267	1270
1268	1271
1269	1272
1270	1273
1271	1274
1272	1275
1273	3174
1274	1278
1275	1279
1276	2475
1277	1280
1278	1281
1279	2971
1280	1283
1281	1285
1282	1286
1284	1288
1285	1750
1286	1290
1287	1294
1288	1295
1289	2269
1291	2904
1292	1649
1293	1297
1295	1298
1296	1299
1297	1300
1298	1301
1299	1302
1300	1303
1301	1305
1302	1306
1303	1308
1304	1309
1305	1310
1306	1312
1309	1314
1310	1315
1311	2329
1313	2703
1314	1317
1315	1318
1316	1319
1317	1884
1318	1320
1319	1321
1321	1322
1322	1323
1323	1324
1324	1325
1325	1326
1326	1327
1327	1328
1328	1329
1329	1330
1330	1331
1331	1332
1332	1333
1333	1334
1334	1335
1335	1337
1337	1339
1338	1340
1339	1341
1340	1342
1341	1343
1342	2192
1343	1344
1344	2604
1345	1345
1346	1346
1348	1937
1349	1347
1350	1348
1351	1349
1352	1350
1353	1351
1354	1352
1356	1353
1357	1354
1358	1355
1359	1356
1360	1357
1361	1358
1362	1359
1363	1360
1364	2076
1365	1361
1366	1362
1367	1363
1368	1364
1369	1365
1370	1366
1371	1367
1372	1368
1373	1369
1374	1370
1375	1371
1376	1372
1378	1373
1380	1374
1381	1734
1382	1375
1383	1376
1384	1377
1385	1378
1386	1379
1387	1380
1388	1381
1389	1382
1390	1383
1391	1384
1392	2424
1393	1386
1394	1387
1395	1388
1396	1794
1397	1389
1398	1390
1399	1391
1400	1392
1401	1393
1402	1394
1403	1395
1404	1396
1405	1397
1406	1399
1407	1400
1408	1401
1409	2367
1410	2542
1411	1402
1412	1403
1413	1404
1414	1405
1415	1406
1416	1407
1417	1408
1418	1409
1419	1410
1420	1411
1421	1412
1422	1413
1423	1414
1424	1415
1425	1416
1426	1417
1427	1418
1428	1419
1429	1420
1430	1421
1431	1422
1432	1423
1433	1424
1434	1425
1435	1426
1436	1427
1437	1428
1438	1429
1439	1430
1440	1431
1441	1432
1442	1881
1444	1435
1445	1436
1446	1437
1447	1438
1448	1439
1449	1440
1450	2562
1451	1443
1452	1444
1453	1445
1454	1448
1455	1711
1456	1449
1458	1665
1461	1451
1462	1452
1463	1453
1464	2959
1465	1454
1466	1662
1467	1455
1468	1456
1469	1744
1471	1459
1472	1460
1473	1462
1474	1463
1475	1464
1476	2814
1477	1911
1478	1465
1479	1466
1480	1729
1481	2912
1482	1467
1483	1468
1484	1469
1485	1471
1486	1472
1487	1473
1489	3155
1490	1475
1492	1476
1493	1584
1494	1478
1495	1480
1496	2009
1497	1481
1499	1482
1500	2319
1501	1483
1502	1484
1503	2256
1504	1485
1505	1486
1506	1487
1507	1863
1508	1731
1509	1488
1510	1489
1511	1491
1512	1492
1513	1493
1514	1494
1515	2363
1516	1495
1517	1496
1518	2477
1519	1498
1521	2222
1522	2027
1523	1500
1524	1501
1525	1502
1526	1503
1527	1504
1528	1506
1529	1507
1530	1732
1531	1508
1532	1509
1533	1510
1534	1511
1536	1682
1537	1650
1538	1513
1539	1514
1540	1516
1541	1517
1542	1518
1543	1519
1544	1520
1545	1521
1546	2709
1547	1822
1548	1522
1549	1523
1550	1700
1551	1524
1552	1525
1553	1526
1554	1527
1555	1528
1556	2940
1557	1830
1558	3161
1559	1529
1560	1530
1561	2072
1562	1531
1563	1532
1564	1533
1565	1534
1566	2268
1567	1535
1568	2151
1571	2386
1572	1536
1573	1538
1574	1878
1575	2207
1576	1541
1577	1542
1578	1543
1579	2129
1580	2249
1581	2518
1582	1545
1583	2118
1586	1546
1587	1547
1588	1631
1589	1296
1591	1611
1593	2017
1594	1548
1595	1549
1596	1929
1597	1889
1598	1550
1602	2226
1603	1551
1605	1974
1606	3044
1607	2158
1608	1552
1609	1553
1610	2570
1611	1554
1612	1555
1613	1556
1614	1557
1615	2758
1616	1558
1617	1559
1618	1562
1619	1563
1620	1565
1621	2591
1622	2293
1624	1566
1626	3100
1627	1928
1628	1905
1630	1669
1631	1877
1632	1282
1633	2100
1634	1287
1635	1833
1637	2931
1639	2786
1640	1577
1641	2540
1645	2115
1646	3043
1647	2798
1648	2058
1649	2184
1650	2653
1651	3275
1652	1869
1654	2841
1656	2377
1657	2406
1658	2147
1659	2607
1661	1836
1662	2153
1665	1196
1666	1740
1667	962
1670	1842
1673	2648
1675	2244
1680	2670
1681	1891
1683	1622
1685	2271
1688	2613
1689	1941
1690	1827
1691	1957
1692	2054
1693	2039
1696	2284
1697	3047
1700	1691
1701	1904
1703	1686
1704	3230
1707	1244
1708	2878
1709	594
1710	1870
1713	2590
1715	1701
1716	2745
1717	3079
1721	1571
1722	1664
1723	2065
1724	2707
1725	2961
1727	2473
1728	1778
1729	2797
1731	2735
1733	2899
1735	3129
1736	2320
1737	1648
1738	2417
1739	1458
1741	1888
1742	2221
1744	2002
1745	1579
1746	2139
1748	3192
1749	1586
1750	1626
1751	1985
1752	1589
1754	1042
1756	2024
1757	2311
1758	2323
1762	1596
1765	2879
1766	2491
1767	1919
1768	2231
1770	2029
1771	2219
1772	2979
1776	2750
1779	2770
1781	2094
1784	2299
1785	2090
1786	2550
1787	1948
1788	1639
1790	3194
1792	2326
1794	2909
1797	3179
1798	1537
1799	2308
1802	2861
1807	1800
1808	573
1810	2038
1814	1956
1815	1636
1816	2535
1820	2962
1822	1587
1826	3019
1827	2089
1828	2630
1829	3124
1830	1696
1831	2087
1832	1851
1834	2633
1835	1539
1838	2582
1840	1727
1841	3211
1842	1338
1843	2863
1845	1946
1849	2855
1850	1035
1851	3089
1852	710
1854	1763
1855	2120
1857	3125
1859	2560
1861	2254
1863	3319
1864	2882
1868	3168
1869	2656
1870	1991
1872	1903
1874	1608
1875	1826
1876	1856
1877	2804
1880	1898
1883	1733
1884	1670
1887	1876
1890	1385
1891	1978
1892	2474
1893	2266
1895	2229
1900	1848
1901	2584
1904	1242
1905	2844
1908	2592
1909	2529
1910	2515
1911	2973
1912	1735
1913	1685
1914	2203
1915	1239
1918	3306
1919	1663
1921	2021
1924	2371
1926	2132
1928	2053
1929	1050
1930	1672
1931	2977
1932	1293
1933	1505
1934	1292
1935	2338
1936	2208
1937	2410
1938	2949
1941	1795
1944	2305
1947	2872
1948	3031
1952	2314
1953	2091
1954	2903
1956	2711
1957	1737
1958	1874
1959	2223
1965	1942
1966	2426
1969	3263
1971	3309
1972	1695
1973	2012
1974	1598
1978	1490
1979	2967
1982	1625
1984	3242
1988	2577
1991	2687
1992	1470
1994	2000
1996	2050
1997	3063
2002	1742
2008	1975
2010	2952
2011	2174
2014	2199
2015	767
2017	2152
2018	3065
2019	2811
2023	2733
2024	1945
2025	1457
2027	2771
2028	2531
2031	1674
2034	3221
2035	2368
2036	3167
2040	1477
2042	2598
2043	1609
2048	1311
2053	3053
2054	2081
2055	2862
2058	2285
2059	1666
2061	650
2063	1600
2064	2373
2067	2167
2068	1890
2069	1855
2071	1583
2072	1667
2073	1961
2074	3162
2076	2103
2077	2102
2078	1815
2080	2916
2081	2346
2082	2275
2083	3202
2084	2610
2086	1654
2087	2034
2088	1024
2089	3117
2090	2700
2091	1853
2093	2378
2095	1844
2097	3029
2100	624
2102	1442
2104	2488
2105	1825
2110	1788
2111	3176
2112	1316
2115	2628
2117	2016
2118	3229
2122	2445
2123	3038
2124	1307
2126	1497
2127	2996
2130	1656
2131	1913
2132	2302
2133	3311
2134	1604
2136	1771
2137	1797
2138	2954
2140	851
2141	1792
2143	1615
2146	1944
2147	3286
2148	2773
2149	1969
2151	1176
2153	3220
2155	2675
2156	1560
2158	2810
2159	1943
2161	3205
2162	1799
2166	3078
2167	3199
2169	2854
2170	1059
2173	2472
2174	1304
2175	1398
2176	2513
2181	1757
2186	1971
2188	2463
2191	2751
2192	2522
2194	1753
2196	1634
2198	2546
2200	2646
2201	1593
2204	1879
2207	2988
2208	3245
2210	1910
2211	3148
2212	2762
2219	2242
2222	2852
2224	2919
2225	2327
2226	2902
2227	1920
2228	1441
2229	2721
2230	1336
2232	1726
2234	1935
2235	715
2237	1699
2238	1862
2240	2200
2241	2825
2242	2099
2246	2032
2247	2440
2250	3132
2251	1568
2254	1803
2255	2376
2258	1679
2259	1861
2260	2069
2262	2262
2264	1276
2266	2003
2269	2823
2272	3073
2273	2553
2276	1764
2277	2600
2278	1805
2279	1743
2282	2510
2283	1277
2287	3119
2288	1912
2291	1621
2295	2225
2299	1434
2302	2849
2306	2884
2308	2960
2310	2536
2311	3005
2314	2248
2318	2864
2319	2307
2321	1718
2326	2201
2332	2163
2333	2736
2336	1637
2338	3062
2341	2906
2342	2819
2345	1988
2347	3076
2348	1697
2349	1479
2350	2291
2351	3225
2352	1930
2355	2652
2356	2273
2357	2086
2358	785
2362	2409
2364	2534
2368	2860
2372	2334
2374	1635
2377	1934
2381	2808
2382	1952
2383	1817
2384	2071
2386	2045
2388	1289
2389	2847
2391	2397
2394	2354
2396	1949
2399	2975
2400	3010
2402	2749
2403	2606
2406	2743
2412	1843
2413	1785
2414	2443
2416	2471
2417	2686
2418	2478
2419	1907
2420	2119
2421	2609
2424	3015
2425	1947
2427	2616
2429	2048
2430	2438
2431	3156
2433	2493
2437	2288
2444	2144
2445	3164
2446	2228
2447	2176
2450	1783
2453	2944
2454	2595
2456	1655
2458	2505
2459	1607
2462	1829
2467	1841
2468	2706
2472	1821
2473	1581
2474	3255
2475	2588
2477	2873
2480	2742
2483	2705
2486	2185
2488	2388
2490	3244
2491	2421
2493	3322
2496	2259
2500	1595
2503	1180
